title = "result" 
variables = "x", "y", "rho", "u", "v", "p", "M" 
zone n=839, e=1559, f=fepoint, et=triangle
0 0 1.47078 0.653621 -0.000460693 1.00613 0.667899
1 0 1.67658 0.417516 0.0727055 1.2052 0.42586
2 0 1.046 0.71956 -0.131895 0.692922 0.776587
3 0 0.824981 1.08332 0.0101264 0.479514 1.20112
3 1 0.7314 1.2555 0.0611085 0.379759 1.47695
0 1 1.46666 0.656515 0.000308006 1.0023 0.671192
0.1 0 1.47387 0.652285 0.000220377 1.00889 0.666318
0.1925 0 1.47395 0.651953 0.000102357 1.00901 0.665957
0.278062 0 1.47519 0.650783 0.000184942 1.01019 0.664652
0.357208 0 1.47677 0.649204 0.000265356 1.0117 0.662898
0.430417 0 1.47895 0.647023 0.0003603 1.0138 0.660477
0.498136 0 1.48181 0.644163 0.000469872 1.01654 0.657304
0.560776 0 1.48543 0.640513 0.00059753 1.02002 0.653261
0.618718 0 1.48998 0.635929 0.000754102 1.02439 0.64819
0.672314 0 1.49562 0.63021 0.000941005 1.02982 0.641877
0.72189 0 1.50254 0.623152 0.0011687 1.03649 0.634105
0.767748 0 1.51102 0.614438 0.00147151 1.04469 0.624539
0.810167 0 1.52143 0.603605 0.00182003 1.05477 0.612691
0.849405 0 1.53427 0.59015 0.00232267 1.06723 0.598039
0.885699 0 1.55048 0.572893 0.00313078 1.08301 0.579353
0.919272 0 1.57121 0.550249 0.00438444 1.10329 0.55501
0.946181 0 1.5964 0.521354 0.00690112 1.12823 0.52423
0.973091 0 1.63752 0.472543 0.0146155 1.16695 0.473479
1.02338 0.00892139 1.63448 0.460374 0.162452 1.16553 0.4889
1.04695 0.0177948 1.56545 0.524778 0.184836 1.09899 0.561319
1.07076 0.0265014 1.51635 0.574328 0.197457 1.05138 0.616513
1.09481 0.0349139 1.47078 0.618753 0.203779 1.00761 0.665283
1.11912 0.0428988 1.4272 0.661397 0.204131 0.966245 0.711079
1.14367 0.0503293 1.38711 0.700304 0.199585 0.928658 0.752252
1.1684 0.0571697 1.35138 0.734931 0.192024 0.895505 0.78872
1.19323 0.0634352 1.31919 0.765898 0.183041 0.86592 0.821528
1.21807 0.0691469 1.28951 0.794148 0.173334 0.838873 0.851808
1.24286 0.0743307 1.26139 0.820559 0.163231 0.813448 0.880571
1.26751 0.0790141 1.23341 0.84633 0.152742 0.788367 0.909197
1.29239 0.0832716 1.20443 0.872442 0.141332 0.762639 0.93878
1.31758 0.0871005 1.17468 0.89876 0.128604 0.736498 0.969152
1.34304 0.0904683 1.1445 0.92504 0.114467 0.710263 1.00008
1.36868 0.0933466 1.1138 0.95121 0.098915 0.683919 1.03155
1.39442 0.0957126 1.08324 0.976731 0.0820135 0.658042 1.06295
1.4202 0.0975569 1.05376 1.001 0.0640896 0.633293 1.09362
1.44591 0.0988804 1.02471 1.02455 0.0451907 0.608879 1.12454
1.47148 0.0996895 0.997705 1.04636 0.0257967 0.586414 1.15394
1.49683 0.0999962 0.970713 1.06776 0.00635055 0.564416 1.18362
1.52189 0.0998172 0.942725 1.08941 -0.01451 0.541613 1.21495
1.54716 0.0991494 0.918414 1.10824 -0.0357234 0.522261 1.24281
1.57266 0.0979761 0.891922 1.12821 -0.057674 0.501401 1.27357
1.59831 0.0962851 0.863819 1.14926 -0.0819217 0.479269 1.30744
1.62404 0.0940696 0.838847 1.16684 -0.106544 0.459975 1.33744
1.64975 0.0913306 0.813721 1.18403 -0.131573 0.440798 1.36814
1.67536 0.088084 0.788844 1.2005 -0.157081 0.422044 1.3991
1.70081 0.0843533 0.76491 1.21576 -0.182704 0.404227 1.42946
1.72602 0.0801674 0.74144 1.23028 -0.208165 0.386972 1.45987
1.75091 0.0755588 0.718467 1.244 -0.233704 0.370293 1.49027
1.77544 0.0705527 0.695703 1.25706 -0.259822 0.353979 1.52108
1.80009 0.0650245 0.671944 1.27008 -0.287993 0.33718 1.554
1.8248 0.058944 0.647094 1.28296 -0.318708 0.319866 1.58936
1.84949 0.0522842 0.621235 1.29548 -0.3521 0.302133 1.62724
1.87408 0.0450235 0.594726 1.30733 -0.387828 0.284261 1.66735
1.8985 0.0371678 0.569434 1.31761 -0.423569 0.267498 1.70691
1.92271 0.0288277 0.548382 1.32524 -0.454926 0.253763 1.74098
1.94671 0.0201415 0.532808 1.33022 -0.47929 0.243735 1.7669
1.9645 0.0135075 0.523463 1.33314 -0.494846 0.237776 1.78325
1.98226 0.00677774 0.632912 1.17225 -0.405861 0.330851 1.50641
2.025 0 1.18031 0.662773 0.00168632 0.814133 0.675615
2.05187 0 1.10872 0.736243 -0.00218996 0.748794 0.757235
2.08077 0 1.07647 0.771039 -0.00372536 0.718581 0.797632
2.11182 0 1.06408 0.789895 -0.00212505 0.704898 0.820241
2.14521 0 1.04873 0.808618 -0.00188704 0.690482 0.842257
2.1811 0 1.03577 0.825646 -0.00161996 0.677741 0.862664
2.21968 0 1.02494 0.841047 -0.00127338 0.666169 0.881704
2.26116 0 1.0137 0.85618 -0.001097 0.654655 0.900449
2.30575 0 1.00263 0.870935 -0.000926083 0.643421 0.91887
2.35368 0 0.991394 0.885869 -0.000889722 0.63211 0.937653
2.4052 0 0.978607 0.90203 -0.00065622 0.619602 0.958111
2.46059 0 0.966289 0.917641 -0.000624482 0.607598 0.978056
2.52014 0 0.952906 0.934489 -0.000502202 0.594643 0.999819
2.58415 0 0.935348 0.954705 -0.000154547 0.578392 1.02612
2.65296 0 0.918278 0.974642 -0.000126029 0.562593 1.05242
2.72693 0 0.900138 0.995357 0.000383026 0.545986 1.08019
2.80645 0 0.876749 1.01771 0.000782311 0.526065 1.11044
2.87097 0 0.858992 1.03009 0.000851816 0.512665 1.12691
2.93548 0 0.846567 1.05137 0.00270554 0.499243 1.15724
3 0.1 0.822213 1.11155 0.0161854 0.472314 1.23961
3 0.205 0.851924 1.12832 0.0270007 0.480438 1.27036
3 0.31525 0.851958 1.14928 0.0457347 0.473924 1.30336
3 0.431013 0.848641 1.15769 0.062962 0.469714 1.31735
3 0.552563 0.826573 1.17683 0.0892439 0.451664 1.34943
3 0.680191 0.815131 1.1843 0.110166 0.442452 1.36453
3 0.786794 0.798267 1.19937 0.130474 0.42909 1.39087
3 0.893397 0.776406 1.22209 0.118004 0.412077 1.42453
2.85 1 0.65569 1.31604 0.0051701 0.325457 1.57977
2.7 1 0.650302 1.32644 -0.0162511 0.321266 1.59552
2.55 1 0.717592 1.27262 -0.0225678 0.36879 1.50165
2.4 1 0.781649 1.22239 -0.00911951 0.415605 1.41723
2.25 1 0.850285 1.16874 -0.0131791 0.467652 1.33269
2.1 1 0.931537 1.1059 -0.00971714 0.531347 1.23813
1.95 1 1.00489 1.0498 -0.00480362 0.590658 1.15766
1.8 1 1.07819 0.992605 -0.00204783 0.651729 1.07934
1.65 1 1.16252 0.925091 -0.000914371 0.724231 0.991042
1.5 1 1.24512 0.85871 0.00117462 0.796894 0.907355
1.35 1 1.30171 0.811447 0.00293714 0.847906 0.849843
1.2 1 1.34927 0.768067 0.0045194 0.891756 0.798569
1.05 1 1.39261 0.727011 0.00476244 0.932294 0.75106
0.9 1 1.42635 0.695889 0.00178374 0.963965 0.715438
0.75 1 1.44416 0.679619 0.00133119 0.980742 0.697005
0.6 1 1.45508 0.669038 0.00130808 0.991138 0.685119
0.45 1 1.46216 0.662033 0.000741943 0.997903 0.677283
0.3 1 1.46573 0.658398 0.000502134 1.00133 0.673232
0.15 1 1.46811 0.656186 7.26604e-06 1.00358 0.670758
0 0.85 1.46405 0.657892 7.49126e-05 0.999921 0.6728
0 0.7075 1.46796 0.655949 0.000316539 1.00348 0.670516
0 0.572125 1.46921 0.6556 0.00051887 1.00457 0.670083
0 0.443519 1.46978 0.655012 -4.02356e-05 1.00513 0.669423
0 0.321343 1.47134 0.654258 0.000272572 1.00646 0.668565
0 0.214229 1.47125 0.65398 0.000400467 1.00663 0.668204
0 0.107114 1.47032 0.653831 0.000475778 1.00592 0.668074
0 0.0535571 1.46807 0.654803 -0.000127351 1.00376 0.669278
0.986515 0.0241374 1.63385 0.461781 0.0499596 1.16553 0.465473
2.00341 0.0179033 0.877558 0.934408 -0.237836 0.547096 1.11315
1.74274 0.101008 0.746259 1.2277 -0.21052 0.390349 1.45588
1.48383 0.123495 0.999767 1.04863 0.0191106 0.587657 1.15629
1.22552 0.0945452 1.28641 0.80129 0.163469 0.835711 0.857597
1.98288 0.0296807 0.531639 1.32891 -0.48717 0.243152 1.76897
1.00812 0.0231172 1.64137 0.444027 0.112033 1.17379 0.459211
1.96286 0.038573 0.54004 1.32786 -0.474381 0.248338 1.75768
1.25064 0.0997576 1.25856 0.827296 0.153963 0.810526 0.886303
1.76789 0.0959568 0.72352 1.24124 -0.235542 0.373816 1.4858
1.50948 0.123573 0.972722 1.06962 -0.00016978 0.56552 1.18577
1.71732 0.105673 0.769757 1.21318 -0.185737 0.407646 1.42565
1.20034 0.0889274 1.31524 0.773947 0.172355 0.861989 0.827857
1.45797 0.123058 1.02646 1.02718 0.0375952 0.609663 1.12735
1.02713 0.0337681 1.58975 0.498685 0.152079 1.12305 0.524854
1.94136 0.0468152 0.556115 1.32218 -0.451055 0.258752 1.73144
1.79296 0.0905092 0.700873 1.25418 -0.261489 0.357559 1.5163
1.17509 0.0828443 1.346 0.744335 0.180363 0.890268 0.795994
1.27588 0.104552 1.23045 0.853066 0.143726 0.785334 0.915253
1.0507 0.0435931 1.54373 0.546526 0.172549 1.07807 0.579888
1.53515 0.12329 0.946743 1.08973 -0.020889 0.544465 1.21487
1.91781 0.0551929 0.577126 1.31405 -0.421229 0.272537 1.69779
1.6916 0.109886 0.793881 1.19781 -0.160912 0.425626 1.39527
1.81809 0.084592 0.677547 1.2669 -0.289396 0.341034 1.54851
1.43187 0.122143 1.05468 1.00441 0.0561283 0.63332 1.0973
1.14983 0.0762062 1.37943 0.711661 0.186959 0.9213 0.761056
1.07502 0.0526598 1.49834 0.592727 0.185587 1.03402 0.632074
1.89333 0.0633473 0.601849 1.3036 -0.387146 0.289003 1.65927
1.84327 0.0781182 0.653245 1.27944 -0.319686 0.32406 1.58298
1.12468 0.068959 1.41625 0.675321 0.191065 0.955798 0.722162
1.09973 0.0611032 1.45639 0.635263 0.191008 0.993818 0.678844
1.8684 0.0710314 0.627896 1.29175 -0.352433 0.306626 1.62
1.30138 0.108874 1.20165 0.878971 0.132373 0.759767 0.944869
1.56102 0.122521 0.921708 1.1085 -0.041336 0.524509 1.24295
1.66562 0.113578 0.818537 1.18165 -0.135971 0.444228 1.36484
1.40564 0.120659 1.08331 0.980817 0.0736894 0.657416 1.06722
1.32718 0.112673 1.17239 0.904851 0.119703 0.734044 0.97499
1.58709 0.121181 0.895087 1.12827 -0.0634484 0.503424 1.27375
1.63948 0.116705 0.843723 1.1646 -0.111515 0.463462 1.33435
1.37938 0.118583 1.11278 0.956143 0.0902977 0.682471 1.03658
1.3532 0.115916 1.14271 0.930638 0.105686 0.708218 1.00562
1.61328 0.119243 0.869017 1.14699 -0.0875104 0.483015 1.30428
2.02827 0.0247088 1.06842 0.772163 -0.0501117 0.707482 0.811024
0.959565 0.0246625 1.60374 0.510254 0.0264255 1.13551 0.513442
2.00461 0.0432168 0.668954 1.182 -0.358827 0.35885 1.48465
1.00355 0.0481437 1.59359 0.503385 0.0988104 1.12723 0.515887
1.78574 0.117296 0.738967 1.23356 -0.227131 0.384583 1.46971
1.98226 0.055958 0.553212 1.3249 -0.460512 0.256614 1.74098
1.20748 0.115701 1.31695 0.778352 0.158746 0.86304 0.829405
1.02932 0.060063 1.55818 0.538035 0.134046 1.09241 0.559902
1.96042 0.0655353 0.574138 1.31691 -0.431254 0.270284 1.70743
1.8112 0.111433 0.717097 1.24614 -0.251962 0.368775 1.49864
1.18193 0.109692 1.34599 0.750591 0.165251 0.88982 0.798964
1.23291 0.121411 1.28927 0.804435 0.151099 0.837739 0.85824
1.05382 0.0706774 1.52191 0.575988 0.154459 1.0568 0.604991
1.93753 0.0741739 0.596674 1.30722 -0.400947 0.285235 1.67197
1.83682 0.105132 0.694793 1.25846 -0.278288 0.352848 1.52888
1.15622 0.103247 1.37704 0.720516 0.170182 0.918699 0.766127
1.07925 0.0800448 1.48355 0.615081 0.166121 1.01971 0.649617
1.91326 0.0826029 0.621505 1.29575 -0.368723 0.301962 1.63404
1.86252 0.0982379 0.671461 1.27083 -0.30654 0.336405 1.56134
1.7603 0.12284 0.761301 1.22017 -0.203035 0.400921 1.44082
1.13045 0.0962015 1.41046 0.687769 0.172754 0.950078 0.730332
1.10479 0.0884822 1.44607 0.652498 0.171821 0.983834 0.691473
1.8881 0.0906964 0.646918 1.28335 -0.336747 0.319353 1.59647
1.49671 0.148473 1.01051 1.04457 0.015852 0.595669 1.1501
0.974682 0.0489658 1.59518 0.518073 0.0616801 1.12738 0.524825
1.25845 0.126818 1.2621 0.829682 0.142526 0.8131 0.886489
1.73466 0.128068 0.784531 1.20573 -0.179158 0.418118 1.41142
1.52259 0.148545 0.98597 1.0637 -0.00258751 0.575546 1.1768
1.47069 0.148436 1.03658 1.02384 0.0330921 0.617267 1.12205
1.2843 0.131787 1.23463 0.854784 0.13299 0.788404 0.914991
1.70865 0.132881 0.808859 1.19008 -0.155463 0.436349 1.38128
1.54878 0.148343 0.959876 1.08376 -0.0218287 0.554334 1.20569
1.44418 0.148088 1.0647 1.00113 0.0503071 0.640807 1.09212
2.05666 0.0291856 1.10988 0.759647 -0.00748545 0.7389 0.787074
0.930983 0.0254391 1.5772 0.541789 0.0151992 1.10931 0.546291
1.3105 0.136168 1.20673 0.879865 0.122281 0.763558 0.943908
1.68228 0.137138 0.833936 1.17349 -0.131838 0.455374 1.35082
1.57533 0.1475 0.935229 1.10223 -0.0413759 0.534518 1.23324
1.41737 0.147071 1.09245 0.978274 0.0669452 0.664284 1.06288
1.33698 0.139896 1.17838 0.90492 0.110338 0.738551 0.973295
1.65564 0.140754 0.858997 1.15655 -0.10844 0.474611 1.32099
1.60207 0.145952 0.910706 1.12008 -0.0629415 0.515034 1.26099
1.3905 0.145361 1.12091 0.954392 0.0825927 0.688625 1.03306
1.36367 0.142965 1.14968 0.929826 0.097116 0.713489 1.00307
1.62888 0.143698 0.88454 1.13879 -0.0855969 0.494457 1.29112
2.03063 0.0537604 0.865134 1.01145 -0.179706 0.5193 1.16852
0.945758 0.0506774 1.57787 0.540007 0.0370695 1.1097 0.545605
2.0051 0.0719837 0.582098 1.30864 -0.422245 0.276244 1.6887
1.00917 0.0743142 1.56143 0.547976 0.109243 1.09539 0.56393
1.98133 0.0846512 0.590503 1.31141 -0.412161 0.280768 1.68542
1.18848 0.138149 1.34538 0.757044 0.152148 0.888345 0.803193
1.80459 0.139926 0.753679 1.22585 -0.219007 0.394822 1.45432
0.988958 0.0703314 1.57312 0.537489 0.0867426 1.1078 0.548473
1.02933 0.0881449 1.53564 0.573306 0.125791 1.0701 0.594398
1.95812 0.0944317 0.6148 1.30041 -0.380484 0.297038 1.64799
1.83039 0.133761 0.732412 1.23826 -0.242515 0.379342 1.48205
1.1626 0.131872 1.37378 0.730143 0.156155 0.91478 0.77338
1.05669 0.0997978 1.50282 0.605894 0.141917 1.03784 0.632999
1.93402 0.103297 0.639059 1.28867 -0.350219 0.313545 1.61176
1.85654 0.127152 0.710515 1.25067 -0.267154 0.36359 1.51125
1.13634 0.125135 1.40412 0.701159 0.158005 0.943254 0.741209
1.08356 0.109287 1.46894 0.63865 0.152062 1.00501 0.67089
1.90878 0.1118 0.663486 1.2762 -0.320972 0.330415 1.57642
1.8828 0.119811 0.687457 1.2634 -0.293263 0.34721 1.54277
1.10997 0.117627 1.436 0.670494 0.156973 0.973464 0.706946
1.21405 0.14431 1.31842 0.782342 0.146525 0.863466 0.831295
2.06105 0.0614053 1.01943 0.887872 -0.0597055 0.646948 0.953413
1.77901 0.145959 0.775408 1.2127 -0.195859 0.410821 1.42656
0.963951 0.0762579 1.56748 0.547927 0.061918 1.10105 0.556192
2.0882 0.0320437 1.08781 0.789229 -0.00636555 0.716889 0.821728
0.899798 0.0265138 1.5562 0.565676 0.0102002 1.08868 0.571726
1.23972 0.150374 1.29221 0.806738 0.13967 0.839468 0.858574
0.91447 0.0523081 1.55844 0.562532 0.0246816 1.09088 0.568853
1.75325 0.151846 0.798207 1.19839 -0.172852 0.427799 1.39802
1.50971 0.174731 1.02183 1.03785 0.0126944 0.604339 1.14075
1.48433 0.174867 1.04463 1.01979 0.0285217 0.623296 1.11634
1.26584 0.156254 1.26594 0.830822 0.131797 0.815614 0.885805
1.72702 0.157523 0.822181 1.18285 -0.14985 0.445862 1.36861
1.53567 0.175708 0.998055 1.05647 -0.00379165 0.584744 1.16666
2.0325 0.0856262 0.677207 1.22303 -0.324851 0.352589 1.51155
1.45773 0.175929 1.0723 0.997565 0.0446123 0.646495 1.08701
1.29255 0.161566 1.23926 0.854905 0.122784 0.791611 0.91337
1.70016 0.162663 0.847451 1.16594 -0.127044 0.465136 1.33817
1.56267 0.175803 0.973185 1.07561 -0.0221099 0.564438 1.19407
1.42997 0.175749 1.10084 0.974201 0.0602639 0.670678 1.05697
0.930991 0.0789381 1.5555 0.565122 0.0419357 1.08804 0.57272
1.31967 0.166008 1.21207 0.879096 0.112655 0.767388 0.94146
1.67287 0.166981 0.873247 1.1482 -0.10484 0.485051 1.30768
1.59014 0.174951 0.949935 1.09304 -0.0414352 0.545654 1.21991
1.40219 0.174552 1.12864 0.951009 0.0751799 0.694482 1.02793
2.00541 0.103251 0.60337 1.30595 -0.397746 0.289104 1.66742
1.347 0.169643 1.18451 0.903221 0.101412 0.743063 0.969941
1.64538 0.170477 0.898894 1.13019 -0.0828913 0.505089 1.27789
1.61777 0.173138 0.925012 1.11136 -0.0614892 0.525738 1.24799
1.37452 0.172506 1.1567 0.927187 0.0888988 0.71877 0.998731
0.993468 0.102553 1.54467 0.569245 0.0914008 1.07847 0.583354
1.9804 0.115686 0.631321 1.29276 -0.362573 0.307977 1.62515
1.03042 0.120119 1.51478 0.599286 0.115863 1.048 0.620324
1.95589 0.125594 0.655537 1.28066 -0.333141 0.324607 1.58972
1.16865 0.161439 1.37096 0.736628 0.143294 0.911009 0.778088
1.85053 0.157708 0.746567 1.22973 -0.233019 0.389305 1.4651
1.14231 0.155669 1.39844 0.710806 0.14429 0.936685 0.749057
1.06028 0.131401 1.48586 0.62731 0.13022 1.0197 0.653718
1.93056 0.134609 0.678837 1.26839 -0.305996 0.340842 1.5566
1.87742 0.150845 0.724584 1.24271 -0.255942 0.373372 1.4941
1.11526 0.148671 1.42733 0.683398 0.143045 0.963865 0.718148
1.08804 0.140639 1.45663 0.655389 0.138668 0.991685 0.686245
1.90426 0.143094 0.701881 1.2557 -0.280277 0.357122 1.52472
1.8243 0.16339 0.767415 1.21722 -0.211352 0.404582 1.43823
2.09531 0.0666513 1.0925 0.848273 -0.014836 0.701243 0.895516
2.12246 0.033882 1.07017 0.813019 -0.0051733 0.699072 0.850268
0.865507 0.0280236 1.53931 0.584179 0.00738683 1.07219 0.591644
1.19395 0.167757 1.34595 0.760104 0.140009 0.887824 0.804328
0.881258 0.0542679 1.5423 0.580605 0.01734 1.07511 0.588014
2.06486 0.0962805 0.844456 1.08761 -0.183852 0.485184 1.2645
0.950976 0.107445 1.54569 0.575044 0.0603729 1.07813 0.585231
1.79901 0.169623 0.788136 1.20442 -0.190222 0.419944 1.41198
0.896997 0.0809159 1.54236 0.580295 0.0290067 1.07516 0.58818
1.21942 0.174353 1.32072 0.783623 0.134941 0.86461 0.830638
1.77343 0.176087 0.810277 1.19041 -0.168122 0.436525 1.3845
2.03418 0.119979 0.622264 1.29446 -0.374983 0.301997 1.63556
1.24533 0.181177 1.29603 0.806305 0.128868 0.84208 0.856192
1.49791 0.198402 1.05065 1.01587 0.0235439 0.627883 1.111
2.00576 0.136965 0.64382 1.28611 -0.349265 0.316414 1.60712
0.914512 0.109781 1.53787 0.584503 0.0421224 1.07074 0.593605
2.10179 0.104081 1.0018 0.961065 -0.064438 0.613197 1.04931
1.74738 0.182713 0.833484 1.17524 -0.146245 0.454113 1.35622
1.00413 0.143747 1.51633 0.602386 0.0942451 1.04897 0.619621
1.97951 0.149174 0.670078 1.27251 -0.318438 0.3346 1.56924
1.52095 0.203345 1.03354 1.02955 0.0112178 0.613576 1.12948
1.47429 0.20485 1.07674 0.995037 0.0377514 0.649793 1.08343
1.03513 0.154771 1.4948 0.622503 0.10945 1.02799 0.644215
1.95365 0.159138 0.693003 1.26011 -0.292406 0.35072 1.53712
1.87174 0.183028 0.758942 1.22169 -0.223144 0.398269 1.44912
1.12087 0.18083 1.41768 0.694948 0.130901 0.954836 0.728307
1.06425 0.16496 1.47029 0.645524 0.120076 1.00464 0.671381
1.927 0.16809 0.715111 1.24768 -0.268192 0.366469 1.50693
1.8995 0.176304 0.737228 1.2348 -0.244977 0.38242 1.47747
1.09269 0.173856 1.44429 0.670032 0.126822 0.979961 0.699737
1.27233 0.188434 1.2706 0.829376 0.121345 0.819085 0.882387
2.13274 0.0702574 1.0837 0.861326 -0.00806052 0.693611 0.910031
1.72025 0.189752 0.859106 1.15797 -0.123497 0.473764 1.32555
1.54829 0.20517 1.01153 1.04667 -0.00436913 0.595375 1.15317
0.970293 0.138926 1.52794 0.592231 0.0748557 1.06075 0.605579
1.44448 0.20681 1.10688 0.970501 0.0533868 0.675367 1.05176
2.15923 0.035196 1.0551 0.831989 -0.00418997 0.684907 0.872831
1.14898 0.186758 1.39124 0.719796 0.132438 0.930005 0.756595
1.30057 0.194139 1.24423 0.853002 0.112709 0.795414 0.909562
1.69183 0.195309 0.885431 1.13969 -0.101343 0.494202 1.29457
1.5766 0.206147 0.988267 1.06444 -0.0224886 0.576336 1.17845
1.41495 0.206462 1.13594 0.946421 0.0676052 0.7003 1.02142
1.32881 0.198628 1.2176 0.876468 0.103264 0.771704 0.936976
1.66324 0.199759 0.912265 1.12059 -0.0803481 0.515289 1.26357
0.828549 0.030337 1.5259 0.598542 0.00566293 1.05913 0.607221
1.60558 0.205138 0.963622 1.08303 -0.0406788 0.556319 1.20568
1.38595 0.204988 1.16354 0.923135 0.0807505 0.724213 0.992784
1.84383 0.18887 0.779936 1.20866 -0.202891 0.413775 1.42229
1.35722 0.202289 1.19093 0.899655 0.0926182 0.748173 0.964454
1.63444 0.203036 0.938644 1.10146 -0.0597561 0.536257 1.2336
0.846653 0.0569009 1.52919 0.594835 0.0130122 1.06234 0.603317
0.86235 0.0825958 1.53037 0.593562 0.0210554 1.06348 0.602174
0.877906 0.111408 1.52845 0.595319 0.0306064 1.06161 0.604535
1.17397 0.18792 1.36744 0.741908 0.133357 0.907689 0.781981
0.934227 0.141015 1.5279 0.593795 0.0555082 1.06119 0.604854
2.0685 0.133803 0.699521 1.22632 -0.293325 0.36292 1.4956
1.81891 0.189957 0.79569 1.1989 -0.187359 0.42549 1.40258
1.19701 0.19916 1.34633 0.761955 0.12885 0.888307 0.804106
1.79574 0.201135 0.819759 1.18324 -0.165517 0.443656 1.37278
2.03594 0.156862 0.650199 1.28301 -0.341173 0.320827 1.59782
2.14247 0.109705 1.07326 0.911271 -0.0152389 0.672283 0.973676
0.896641 0.143378 1.52276 0.600646 0.0413167 1.05612 0.611029
2.00614 0.173087 0.680798 1.26658 -0.307005 0.342154 1.55403
1.00981 0.177806 1.49665 0.62188 0.0919671 1.03105 0.640163
1.97857 0.1849 0.705262 1.25287 -0.280653 0.359497 1.52014
2.19848 0.0363384 1.04184 0.848874 -0.00344554 0.672118 0.893309
2.17287 0.0729757 1.06853 0.878743 -0.00629096 0.678933 0.931817
0.98449 0.166799 1.51048 0.608845 0.0812191 1.0445 0.624312
1.03844 0.189275 1.47767 0.639833 0.102437 1.01282 0.661534
1.22401 0.201976 1.32091 0.785007 0.12559 0.864865 0.830389
1.95116 0.194667 0.727622 1.23999 -0.257118 0.375558 1.49
1.09845 0.20857 1.43191 0.683203 0.11638 0.969139 0.712026
1.06778 0.199504 1.45608 0.660273 0.110719 0.992157 0.685508
1.92283 0.202715 0.749764 1.22685 -0.234432 0.391659 1.46083
1.89343 0.210922 0.771501 1.21349 -0.213004 0.407654 1.43272
1.76862 0.203782 0.839229 1.17059 -0.146417 0.458443 1.34913
2.10835 0.144475 0.846512 1.10864 -0.168381 0.480145 1.28274
0.788373 0.0334373 1.51481 0.610246 0.00455266 1.04838 0.619983
0.831041 0.0831454 1.52155 0.603026 0.0162223 1.05491 0.612309
0.810023 0.0628731 1.51828 0.606498 0.0105007 1.05174 0.615968
0.839826 0.110997 1.51967 0.604982 0.0223277 1.05309 0.614649
0.955849 0.172461 1.51327 0.607953 0.0672721 1.04711 0.621501
1.50035 0.233027 1.07124 0.999583 0.0260801 0.645244 1.08906
1.24751 0.214837 1.30075 0.803572 0.118921 0.846671 0.851019
1.12752 0.21052 1.40805 0.705322 0.121429 0.946511 0.737798
1.74492 0.216478 0.866062 1.1523 -0.124067 0.479157 1.31706
1.86498 0.212742 0.787853 1.20332 -0.197046 0.419755 1.41202
1.53209 0.230955 1.04338 1.02172 0.0095625 0.621813 1.1187
1.46268 0.240252 1.10997 0.96805 0.0454099 0.678215 1.04794
0.856959 0.144688 1.51613 0.608276 0.0305499 1.04969 0.618638
1.27856 0.222955 1.27417 0.827615 0.111166 0.822616 0.878407
1.71366 0.224402 0.894909 1.13227 -0.0999201 0.501666 1.28326
1.5592 0.238485 1.02719 1.03419 -0.00450393 0.608472 1.13581
1.42966 0.240408 1.14022 0.94299 0.0600912 0.704267 1.01623
1.30827 0.228703 1.24833 0.8505 0.103278 0.799402 0.904905
1.68351 0.230253 0.921616 1.11332 -0.0788191 0.522761 1.25264
1.59115 0.238763 1.00088 1.05455 -0.0224144 0.586778 1.16443
1.39853 0.240319 1.16875 0.919184 0.0724117 0.729033 0.986756
1.16122 0.221453 1.37894 0.733015 0.121334 0.919166 0.769208
1.33761 0.233457 1.22258 0.873066 0.0943417 0.776429 0.931379
1.65274 0.235488 0.950266 1.09239 -0.0585478 0.545666 1.22028
1.62164 0.23745 0.976202 1.07314 -0.0397622 0.566627 1.19141
1.36773 0.238072 1.1968 0.895357 0.0841483 0.753627 0.957887
2.07241 0.174213 0.66151 1.27656 -0.324138 0.328924 1.57897
0.918672 0.177271 1.51311 0.610102 0.0521042 1.04676 0.622236
1.83134 0.223611 0.816094 1.1851 -0.171953 0.441028 1.37708
2.15262 0.152334 0.994552 0.990898 -0.0575448 0.600517 1.08653
2.18606 0.11405 1.07629 0.913572 -0.00669247 0.673886 0.975822
2.03746 0.196313 0.685558 1.26436 -0.299099 0.34564 1.54685
2.24032 0.0375323 1.02984 0.864241 -0.00287628 0.660423 0.91219
2.21549 0.0754014 1.0558 0.893142 -0.00518277 0.666904 0.949858
2.00597 0.210597 0.713834 1.24801 -0.270456 0.365766 1.50796
0.983022 0.198234 1.49763 0.623134 0.077934 1.03193 0.639426
1.01218 0.208574 1.4837 0.636068 0.0880987 1.0185 0.655058
1.97729 0.221815 0.737341 1.23392 -0.247487 0.382749 1.4765
0.877928 0.180359 1.50991 0.614269 0.0394331 1.04368 0.625744
1.03844 0.22517 1.46555 0.653755 0.0948702 1.00106 0.675586
1.94712 0.231028 0.760653 1.21967 -0.225106 0.399801 1.44607
0.796939 0.102919 1.5117 0.61345 0.0151833 1.04537 0.623669
0.744479 0.0366713 1.50569 0.619768 0.00362554 1.03955 0.630408
0.768367 0.0700979 1.50858 0.616796 0.00855061 1.04234 0.627197
1.07253 0.231752 1.44499 0.673002 0.103281 0.981459 0.698275
0.814372 0.143782 1.50926 0.615766 0.0224453 1.04304 0.626442
1.2091 0.236747 1.33732 0.771358 0.116509 0.880637 0.812579
1.91672 0.233998 0.778905 1.20839 -0.207608 0.413281 1.42274
1.78323 0.238758 0.859582 1.15605 -0.134824 0.474321 1.32455
2.11578 0.188706 0.731263 1.21751 -0.251315 0.384161 1.46062
0.946714 0.211374 1.49935 0.623537 0.0628454 1.03343 0.638021
1.11015 0.252327 1.41602 0.700513 0.105726 0.954019 0.729546
1.88124 0.254444 0.811337 1.18767 -0.178532 0.437621 1.3825
0.834789 0.182002 1.50528 0.619643 0.0296266 1.03921 0.631019
2.19982 0.158314 1.06451 0.943126 -0.0126157 0.657113 1.01484
1.48458 0.27775 1.11173 0.966926 0.0365456 0.680002 1.0458
1.52997 0.271416 1.07032 1.00021 0.0149868 0.644786 1.08944
1.2523 0.253537 1.30293 0.802763 0.107989 0.849143 0.848062
2.07584 0.218358 0.685196 1.26553 -0.294972 0.345474 1.5471
2.28497 0.0389074 1.01764 0.879535 -0.00235512 0.648613 0.931179
1.73962 0.255361 0.902513 1.12623 -0.101043 0.507849 1.27424
2.23213 0.117965 1.0623 0.928984 -0.00492324 0.660577 0.99571
0.902873 0.21748 1.50033 0.623561 0.0481422 1.03443 0.6366
2.26066 0.0779287 1.04213 0.908547 -0.00394645 0.654156 0.969277
1.44526 0.278292 1.14475 0.939664 0.0526224 0.708447 1.0112
1.28593 0.254724 1.27498 0.827587 0.102581 0.823754 0.876877
2.03628 0.237846 0.719299 1.24538 -0.261167 0.369781 1.50024
2.1645 0.19844 0.873123 1.10504 -0.137264 0.497976 1.2641
1.7057 0.256519 0.926162 1.10951 -0.0808686 0.526544 1.24708
1.57441 0.275562 1.03862 1.02524 -0.00621368 0.618217 1.12329
1.41403 0.271834 1.16867 0.919512 0.0646174 0.729261 0.986282
1.3142 0.266103 1.25305 0.847202 0.0945365 0.804011 0.899498
1.67634 0.268922 0.956167 1.08772 -0.0599621 0.550612 1.21346
1.60643 0.268342 1.00903 1.04804 -0.0235488 0.593682 1.15516
1.37878 0.282459 1.20334 0.890462 0.0750392 0.759733 0.950622
2.00395 0.244338 0.74072 1.23209 -0.241761 0.385262 1.47158
1.34624 0.266568 1.22606 0.870601 0.0866091 0.77987 0.927183
1.6376 0.273527 0.988537 1.06354 -0.0384714 0.576905 1.17757
0.990334 0.245225 1.47854 0.643345 0.0753594 1.01342 0.661305
0.747577 0.108657 1.50243 0.62305 0.0113147 1.03643 0.634106
1.97641 0.261461 0.766799 1.2159 -0.217955 0.404383 1.43788
0.769147 0.143018 1.50249 0.622964 0.016443 1.03649 0.634129
0.696936 0.0399349 1.49825 0.627432 0.00291985 1.03236 0.63883
0.72227 0.0760713 1.50062 0.625026 0.00678773 1.03465 0.63621
0.78882 0.182167 1.50019 0.625227 0.0221281 1.03429 0.636802
0.858272 0.221306 1.49892 0.625696 0.0369889 1.03308 0.638105
1.1653 0.271052 1.37527 0.738458 0.106136 0.915834 0.772753
1.04813 0.268919 1.44896 0.671274 0.0881725 0.985154 0.69402
1.82649 0.273096 0.859132 1.15594 -0.138594 0.474123 1.32489
1.9343 0.26764 0.792323 1.19964 -0.195955 0.423342 1.40566
2.21536 0.205198 1.00508 1.00096 -0.0387851 0.604983 1.09459
2.12461 0.241174 0.697447 1.25884 -0.276223 0.354398 1.52838
0.933589 0.254781 1.48738 0.635924 0.0568961 1.02199 0.651011
2.24924 0.163882 1.06226 0.949731 -0.00392465 0.653766 1.02317
0.811669 0.223573 1.49593 0.629201 0.0281469 1.0302 0.641451
2.33265 0.0405363 1.00616 0.894191 -0.00209337 0.63743 0.949553
2.30861 0.0807816 1.03015 0.922157 -0.00313133 0.642926 0.986615
2.28077 0.122029 1.04929 0.942427 -0.0033721 0.648517 1.01317
1.21646 0.288183 1.33666 0.773705 0.101997 0.880075 0.812937
1.77501 0.290383 0.904415 1.12448 -0.104406 0.509452 1.27206
2.07475 0.265337 0.719994 1.24623 -0.255534 0.370287 1.49963
0.885848 0.261795 1.48975 0.634416 0.044019 1.02427 0.648213
0.728457 0.143325 1.49735 0.628339 0.0127804 1.03153 0.639945
0.701326 0.117967 1.49581 0.629924 0.00913507 1.03004 0.641628
2.02351 0.284576 0.757271 1.22287 -0.222135 0.397386 1.45047
0.74025 0.179975 1.49547 0.630268 0.0163846 1.02973 0.642154
0.673304 0.0828736 1.4941 0.631727 0.00551207 1.02837 0.643575
0.645643 0.0434714 1.49214 0.633685 0.00235548 1.02648 0.64572
2.18021 0.245612 0.777233 1.1928 -0.200791 0.417967 1.40505
1.50722 0.319674 1.11511 0.964485 0.0282529 0.682915 1.0422
1.12684 0.300923 1.40009 0.716689 0.095592 0.938979 0.746231
0.761877 0.223916 1.49246 0.633002 0.0211732 1.02685 0.645336
1.08557 0.300931 1.42368 0.695016 0.0895387 0.961234 0.720821
1.27353 0.297221 1.2931 0.812743 0.0951804 0.840219 0.858086
1.46412 0.320607 1.14871 0.937039 0.0444464 0.711869 1.00726
1.00185 0.294216 1.46126 0.66041 0.0719174 0.996966 0.679755
1.71725 0.299452 0.949102 1.09245 -0.0717452 0.545026 1.22135
1.86322 0.301715 0.857591 1.15649 -0.141776 0.472935 1.32629
1.90889 0.306363 0.834745 1.17191 -0.160465 0.455405 1.35379
0.962431 0.287906 1.47342 0.649386 0.0627959 1.00859 0.666477
1.4177 0.317141 1.18445 0.90719 0.0597809 0.74307 0.970239
0.837595 0.26656 1.48945 0.635373 0.0341492 1.02396 0.648592
1.60595 0.312898 1.03592 1.02711 -0.0149675 0.61606 1.12604
1.331 0.310828 1.25026 0.850695 0.0826631 0.801512 0.902321
1.66204 0.31418 0.996544 1.05723 -0.0402082 0.583532 1.16878
1.96736 0.313997 0.80632 1.19111 -0.180982 0.433863 1.38854
2.26755 0.212846 1.05526 0.968889 -0.00573868 0.644733 1.04768
2.38364 0.0424603 0.99326 0.910216 -0.00164328 0.625021 0.969849
2.30122 0.169867 1.04992 0.962086 -0.00242926 0.642845 1.03917
2.35961 0.0840837 1.0168 0.937305 -0.00234684 0.630493 1.00609
2.33229 0.126504 1.03613 0.956223 -0.00225781 0.636476 1.03117
2.23217 0.254802 0.912884 1.08879 -0.095196 0.525991 1.22871
2.11361 0.287368 0.716388 1.24911 -0.255051 0.367676 1.50426
0.91988 0.301786 1.47785 0.645893 0.0511529 1.01282 0.661487
0.787186 0.269431 1.48788 0.637331 0.0261494 1.02245 0.650333
2.15076 0.280227 0.70239 1.25806 -0.266597 0.357629 1.52321
1.5529 0.318405 1.08085 0.991856 0.00938643 0.653761 1.07808
1.1699 0.323488 1.37151 0.743479 0.0931349 0.912274 0.776557
1.82031 0.325045 0.897702 1.1286 -0.111671 0.504199 1.2793
0.68622 0.169024 1.49127 0.634592 0.0114301 1.02568 0.646807
0.650896 0.12912 1.49011 0.63581 0.0074153 1.02455 0.648093
2.07767 0.315477 0.750635 1.22798 -0.222209 0.392501 1.45889
0.620639 0.0902477 1.48879 0.637154 0.00442608 1.02325 0.649556
0.590292 0.0473694 1.4872 0.638712 0.00188295 1.02172 0.651272
0.70808 0.221352 1.48891 0.636727 0.0156044 1.02344 0.649271
1.03921 0.324377 1.44139 0.679323 0.076055 0.978034 0.7014
1.37447 0.330915 1.22345 0.874254 0.0701528 0.777518 0.929916
0.867985 0.310867 1.48042 0.644125 0.0399513 1.01527 0.658647
2.19365 0.294976 0.723695 1.2436 -0.238353 0.373673 1.49068
0.733179 0.270242 1.4857 0.639744 0.0197022 1.02035 0.652743
1.22749 0.342141 1.33295 0.778355 0.0887422 0.876629 0.816528
2.28707 0.265205 1.0161 1.01163 -0.0214792 0.60889 1.10618
1.76254 0.34525 0.948338 1.09223 -0.0774095 0.544461 1.22171
2.02602 0.346321 0.794056 1.19978 -0.184827 0.424665 1.40332
0.971464 0.337011 1.46024 0.66257 0.0601873 0.995958 0.680882
1.10407 0.356274 1.40697 0.711848 0.0803894 0.945487 0.738653
2.43822 0.0446914 0.980292 0.926152 -0.00125053 0.612629 0.990222
2.32264 0.221244 1.04515 0.980784 5.3013e-05 0.635148 1.06334
1.52872 0.358368 1.11801 0.96191 0.0211429 0.685412 1.03865
2.41393 0.0879045 1.00302 0.952864 -0.00133645 0.617672 1.02631
1.48616 0.366319 1.15066 0.935486 0.0360331 0.713567 1.00486
0.815583 0.316525 1.48131 0.643682 0.0309486 1.01613 0.657604
1.87357 0.34692 0.879781 1.14081 -0.126095 0.490161 1.29991
2.35638 0.176323 1.03408 0.977722 -0.000282994 0.62872 1.05977
2.387 0.131502 1.02122 0.971523 -0.000726123 0.622935 1.05134
1.92491 0.350472 0.852845 1.15964 -0.144432 0.469279 1.33173
1.44375 0.359611 1.17946 0.911542 0.0491703 0.738678 0.974982
1.57454 0.366726 1.08797 0.985904 0.00486657 0.659812 1.0702
1.28631 0.357387 1.29397 0.813259 0.0811548 0.840968 0.856935
2.14105 0.329325 0.727634 1.24326 -0.238004 0.375821 1.48917
1.69953 0.358672 0.997811 1.05561 -0.0465081 0.584597 1.16699
1.63607 0.366335 1.04382 1.02054 -0.019136 0.622661 1.11721
2.24908 0.308708 0.81464 1.17164 -0.159415 0.445628 1.36308
0.627333 0.17597 1.4862 0.639734 0.00850705 1.02082 0.652438
0.906355 0.355906 1.46837 0.655745 0.0456025 1.00372 0.671965
0.651514 0.218661 1.48552 0.64027 0.0113841 1.02018 0.653086
0.761011 0.320005 1.48096 0.644328 0.023743 1.0158 0.657977
0.597715 0.139263 1.48564 0.640305 0.00593964 1.02026 0.653045
1.40039 0.371035 1.21563 0.881166 0.0593706 0.770585 0.937609
0.564469 0.0988881 1.48457 0.641427 0.0035744 1.0192 0.654276
0.530483 0.051694 1.48323 0.642732 0.0014992 1.01791 0.65572
0.675145 0.268697 1.48334 0.642271 0.0145832 1.01808 0.655388
1.34424 0.369692 1.25483 0.847585 0.0708613 0.805577 0.897276
1.96925 0.378361 0.842146 1.16733 -0.147585 0.461105 1.34433
0.848385 0.36547 1.47247 0.652179 0.0353127 1.00766 0.667291
2.49663 0.0471829 0.967488 0.942061 -0.000984823 0.60037 1.0108
2.08797 0.373491 0.779239 1.21019 -0.191032 0.41363 1.42162
2.34536 0.276283 1.03824 0.998194 0.00113972 0.626073 1.08643
1.1769 0.38103 1.36621 0.749413 0.0806532 0.907385 0.78175
2.30758 0.32187 0.933133 1.08118 -0.0647406 0.539716 1.21118
2.47181 0.0922028 0.989853 0.967798 -0.000705734 0.605499 1.04589
2.20535 0.351997 0.717227 1.25151 -0.238621 0.368276 1.50291
2.38135 0.230153 1.03047 0.994906 0.00198455 0.6221 1.08222
1.81859 0.389511 0.938876 1.09868 -0.086309 0.536887 1.23215
2.44516 0.137051 1.00757 0.985559 0.000341299 0.610643 1.06998
0.702662 0.321374 1.47994 0.645541 0.0179105 1.01482 0.659112
1.02545 0.383751 1.43568 0.686226 0.0644218 0.97258 0.707796
2.41507 0.183245 1.01981 0.991749 0.0012208 0.616058 1.07844
0.79193 0.371688 1.47442 0.65058 0.0274604 1.00952 0.665091
0.602091 0.215169 1.48305 0.6428 0.00871818 1.0178 0.655841
0.581512 0.184277 1.48313 0.642761 0.00693342 1.01787 0.655773
1.23939 0.402339 1.32933 0.782641 0.0762117 0.873312 0.820024
0.953869 0.403966 1.45196 0.671402 0.0502894 0.98807 0.689824
0.544287 0.156294 1.48214 0.643814 0.00498611 1.01691 0.656922
0.61345 0.261754 1.4813 0.6444 0.0105804 1.01613 0.657658
1.52664 0.415884 1.14098 0.943472 0.0224716 0.70524 1.01477
1.7446 0.40506 0.992496 1.05924 -0.0537089 0.580238 1.17263
0.503388 0.108757 1.48111 0.64492 0.0028665 1.01588 0.65814
0.465547 0.056196 1.48007 0.645931 0.00116958 1.01487 0.659264
1.89902 0.405941 0.897416 1.12854 -0.110852 0.504013 1.2793
0.639761 0.319743 1.47869 0.646914 0.0132161 1.01361 0.660508
2.26654 0.368346 0.745468 1.23016 -0.20191 0.390183 1.45884
1.44717 0.417239 1.19563 0.89838 0.0442732 0.752943 0.958147
2.02975 0.41032 0.826353 1.17874 -0.153708 0.449041 1.36329
2.15484 0.39619 0.75897 1.22485 -0.200816 0.398645 1.44793
0.887231 0.416721 1.46103 0.663125 0.0390107 0.996724 0.679728
0.733063 0.375748 1.47512 0.650088 0.0210642 1.0102 0.664279
1.60264 0.423151 1.09266 0.982206 -0.00103274 0.663797 1.06529
1.67503 0.417986 1.04322 1.02073 -0.0261753 0.622159 1.11774
1.30392 0.41822 1.29109 0.816704 0.0687607 0.838348 0.859715
2.36944 0.335528 1.00676 1.02734 -0.00860963 0.59837 1.12694
2.55895 0.0498862 0.951146 0.961112 -0.000169466 0.58517 1.0357
1.13074 0.416448 1.38951 0.728897 0.0715406 0.929103 0.757023
2.53317 0.0966461 0.973831 0.985228 0.00069649 0.590899 1.06906
1.07628 0.419348 1.41239 0.708003 0.0660051 0.950596 0.73258
2.40765 0.287963 1.0242 1.01187 0.00582656 0.613739 1.1048
1.37236 0.425343 1.24828 0.853816 0.0585203 0.799726 0.903796
2.50685 0.142765 0.991143 1.00186 0.00222021 0.596081 1.0919
2.44409 0.239431 1.01348 1.01115 0.00469864 0.607223 1.1041
2.47756 0.190447 1.00306 1.00776 0.00357717 0.601428 1.09999
0.826924 0.425868 1.4659 0.65867 0.030563 1.00138 0.674263
0.670103 0.377623 1.47511 0.650223 0.0158315 1.01019 0.664264
2.32879 0.383789 0.835593 1.16024 -0.124081 0.461053 1.33789
2.22042 0.416238 0.738261 1.24025 -0.21031 0.383444 1.47566
0.541871 0.232669 1.47981 0.645987 0.00687804 1.0147 0.659357
2.09787 0.439771 0.806999 1.19292 -0.160926 0.434376 1.38704
0.480416 0.173805 1.479 0.646963 0.00395735 1.0139 0.660405
1.96491 0.445507 0.878246 1.14261 -0.117344 0.488997 1.30137
0.570722 0.312918 1.47735 0.648287 0.00943093 1.01233 0.661959
0.766723 0.432637 1.46867 0.656141 0.0237854 1.00404 0.671134
0.435547 0.117942 1.47835 0.64769 0.00218869 1.01324 0.661209
0.395024 0.0606832 1.47761 0.648406 0.000881639 1.0125 0.66201
1.18493 0.444807 1.36137 0.754709 0.0691231 0.902887 0.786582
0.602132 0.377073 1.4747 0.650703 0.0116035 1.0098 0.664698
1.78686 0.447136 0.986148 1.06376 -0.0595453 0.575011 1.17941
1.01399 0.459871 1.42902 0.693091 0.052863 0.966312 0.714459
1.84108 0.449291 0.955164 1.08678 -0.076114 0.549923 1.21375
2.62548 0.0533394 0.933735 0.981437 0.000344751 0.569103 1.06256
2.39447 0.399869 0.933036 1.08528 -0.0403497 0.538119 1.21353
2.28416 0.434128 0.72833 1.24855 -0.208584 0.376182 1.48874
2.59683 0.101103 0.956934 1.00379 0.00192254 0.575586 1.09396
2.43549 0.35004 1.0116 1.02623 0.0103596 0.601627 1.12475
0.703301 0.43725 1.47027 0.654689 0.0181724 1.00558 0.669317
2.16786 0.464579 0.785362 1.20878 -0.169057 0.418151 1.4141
2.5708 0.147113 0.973647 1.01833 0.0040919 0.580935 1.11424
2.47442 0.300073 1.00464 1.02872 0.009845 0.597028 1.12791
0.9325 0.470237 1.44663 0.67673 0.0415555 0.983023 0.695152
1.48745 0.487642 1.18984 0.903447 0.0306111 0.747851 0.963849
2.54404 0.196678 0.984732 1.02452 0.00630401 0.585666 1.12283
2.51124 0.248579 0.994689 1.02817 0.00824349 0.591067 1.12733
1.25496 0.468503 1.32467 0.787593 0.0640012 0.869036 0.824613
1.72533 0.469858 1.03288 1.02851 -0.0352445 0.613545 1.1288
1.56535 0.486939 1.14026 0.944053 0.0122518 0.704614 1.01529
0.867304 0.482653 1.45524 0.668725 0.0327864 0.991243 0.685631
1.10923 0.481514 1.39418 0.725262 0.0592993 0.933515 0.751658
0.635305 0.439709 1.47113 0.653922 0.0135549 1.0064 0.668339
1.64502 0.482793 1.08872 0.985097 -0.00947441 0.660457 1.06924
1.40876 0.488256 1.23831 0.862662 0.0453452 0.79083 0.913739
2.03351 0.480583 0.857091 1.15838 -0.124737 0.472561 1.32649
1.89422 0.483251 0.93554 1.10145 -0.0827177 0.534219 1.23579
1.32994 0.483316 1.28391 0.823456 0.056368 0.831859 0.866747
0.804527 0.492683 1.46046 0.663874 0.0257964 0.996221 0.679863
0.452203 0.244778 1.47664 0.649178 0.00454377 1.01165 0.662876
0.49404 0.309429 1.47584 0.649849 0.00648916 1.01088 0.663652
2.34975 0.451936 0.76047 1.22327 -0.165812 0.401292 1.43931
0.405899 0.185219 1.47659 0.649341 0.00287814 1.0116 0.66304
2.23444 0.485821 0.762669 1.22578 -0.178187 0.40131 1.44365
0.528608 0.375662 1.47404 0.651419 0.00827794 1.00916 0.665436
0.361626 0.126553 1.47625 0.649783 0.00161362 1.01123 0.66353
0.3187 0.0653483 1.47575 0.650265 0.000635855 1.01073 0.664073
0.739976 0.500121 1.46397 0.660555 0.0199743 0.999582 0.675934
2.6974 0.0572396 0.916248 1.00149 0.00115177 0.553082 1.08954
2.46464 0.41714 0.982593 1.05048 0.00620215 0.576877 1.15909
2.66422 0.110318 0.940188 1.02347 0.00343704 0.560017 1.12088
0.562219 0.440495 1.47149 0.653619 0.00985036 1.00675 0.667928
2.62872 0.147805 0.958006 1.0322 0.00523913 0.567636 1.13338
2.50635 0.365329 0.993084 1.0422 0.0163767 0.586038 1.14681
2.61442 0.197843 0.965333 1.04049 0.00857226 0.569501 1.145
2.54625 0.311964 0.984202 1.04602 0.0143592 0.579829 1.15194
2.58351 0.255762 0.974747 1.04537 0.0118753 0.574266 1.15118
2.41958 0.470543 0.840675 1.16158 -0.0907157 0.464022 1.33362
1.8027 0.521344 1.00466 1.04981 -0.0489044 0.590279 1.15925
2.10742 0.512126 0.83294 1.1764 -0.132434 0.454002 1.35558
0.671436 0.505192 1.46639 0.658248 0.0151211 1.0019 0.673218
2.30006 0.506402 0.741368 1.24216 -0.183942 0.385647 1.47182
1.96367 0.521033 0.911125 1.11972 -0.0907835 0.514777 1.26351
1.19458 0.518615 1.35603 0.759932 0.0568727 0.897995 0.791529
0.973263 0.520126 1.43265 0.689869 0.0417677 0.969785 0.709971
1.04016 0.541632 1.41364 0.707711 0.0453819 0.951833 0.730462
0.414451 0.314464 1.47442 0.651293 0.00446875 1.00951 0.665238
0.373511 0.25531 1.47485 0.650962 0.00318169 1.00994 0.664851
0.450516 0.376374 1.47332 0.65218 0.00577848 1.00847 0.666251
0.5979 0.508075 1.46802 0.656683 0.0111439 1.00346 0.671384
1.52808 0.558981 1.18279 0.909168 0.0194574 0.741679 0.970735
2.17916 0.536626 0.809271 1.19399 -0.139924 0.436029 1.38449
0.328736 0.197053 1.47487 0.651023 0.00206152 1.00996 0.664905
0.914247 0.539392 1.4424 0.680889 0.0341868 0.979046 0.699375
0.4842 0.440897 1.47155 0.6536 0.00696812 1.0068 0.667864
0.282151 0.135985 1.47473 0.651299 0.00113074 1.00978 0.665212
0.235958 0.0701028 1.47444 0.651573 0.000420114 1.00947 0.665527
1.44758 0.559604 1.22902 0.870636 0.0329536 0.78256 0.922933
1.27767 0.542283 1.31716 0.794574 0.0517852 0.862203 0.831871
1.69868 0.544489 1.07682 0.994176 -0.0185546 0.650415 1.08163
1.61011 0.554971 1.13299 0.949645 0.00274496 0.698357 1.02251
2.77542 0.0581212 0.894 1.02251 0.00239061 0.534278 1.11798
2.36927 0.52741 0.732313 1.25028 -0.174612 0.379107 1.48301
0.848222 0.555503 1.4503 0.673533 0.0269439 0.986564 0.690742
2.49449 0.490486 0.914476 1.10439 -0.0162808 0.521965 1.23903
2.74134 0.119428 0.918823 1.04472 0.00630125 0.541439 1.15036
1.36332 0.555368 1.27442 0.831927 0.0438302 0.823312 0.876108
2.69386 0.182432 0.941019 1.05602 0.0103086 0.550859 1.16666
2.5399 0.43569 0.974825 1.05864 0.0249285 0.570223 1.17023
2.58274 0.380814 0.96852 1.06225 0.023216 0.565677 1.17506
0.781117 0.566872 1.45609 0.66802 0.0209587 0.992083 0.684327
2.24482 0.559988 0.787 1.21071 -0.145151 0.419343 1.4122
2.66259 0.257766 0.950914 1.0645 0.0162166 0.554674 1.17818
2.62415 0.322186 0.960209 1.06571 0.0203768 0.559968 1.17973
2.03868 0.558724 0.884606 1.13969 -0.0982526 0.493912 1.29423
1.89005 0.562642 0.967394 1.07823 -0.0606776 0.559804 1.20013
0.711421 0.574942 1.46034 0.663932 0.0160417 0.996144 0.679603
0.519217 0.509345 1.46908 0.655662 0.00797657 1.00447 0.670196
1.12492 0.572489 1.3836 0.735447 0.0470787 0.923662 0.762363
2.44399 0.548909 0.761875 1.22657 -0.127552 0.402177 1.43755
0.637213 0.580409 1.46348 0.66089 0.0119688 0.999144 0.676109
2.31228 0.586202 0.762328 1.22969 -0.149616 0.401086 1.44388
0.33885 0.322291 1.47334 0.652357 0.00311622 1.00848 0.666414
0.371432 0.378514 1.47267 0.652826 0.00396326 1.00785 0.666955
0.296991 0.269573 1.47364 0.652152 0.00224759 1.00878 0.666172
0.401872 0.441207 1.47147 0.653697 0.00478609 1.00673 0.66795
0.247664 0.21204 1.4737 0.652173 0.00140963 1.00884 0.666183
0.194927 0.146049 1.47362 0.652383 0.000712713 1.00872 0.666416
0.145949 0.0731085 1.47367 0.652429 0.000272944 1.00872 0.666476
0.435567 0.509724 1.46973 0.655031 0.0055297 1.0051 0.669465
2.85655 0.0471479 0.868531 1.03791 0.00251555 0.515539 1.13864
0.557741 0.583548 1.46577 0.658656 0.00866147 1.00133 0.67356
2.11937 0.59066 0.854447 1.16225 -0.10689 0.470489 1.32968
2.82831 0.118111 0.892758 1.06418 0.0084996 0.521062 1.17744
0.973647 0.588096 1.42662 0.695871 0.0352319 0.964099 0.716356
2.57484 0.512056 0.942254 1.08479 0.0274829 0.543133 1.20826
2.7901 0.188201 0.912248 1.08098 0.0150378 0.527254 1.20193
1.96422 0.604832 0.939201 1.09955 -0.067795 0.537104 1.23151
1.21483 0.602833 1.34789 0.767821 0.0448447 0.890485 0.799825
1.75205 0.613519 1.06261 1.00526 -0.0236766 0.638411 1.09668
2.62099 0.4551 0.949745 1.07921 0.0348743 0.549567 1.19976
1.82793 0.605163 1.01581 1.04146 -0.0389273 0.599375 1.14686
2.75023 0.258786 0.924137 1.08577 0.0211178 0.532983 1.20866
2.66578 0.395486 0.941738 1.08378 0.0313941 0.543747 1.20603
2.52466 0.571463 0.824535 1.17775 -0.0542682 0.450845 1.35401
2.70949 0.329954 0.933633 1.08694 0.0269636 0.538317 1.21026
2.38695 0.611544 0.737091 1.24967 -0.149951 0.382461 1.47712
1.48929 0.636543 1.2192 0.879052 0.0216828 0.773828 0.932953
0.90145 0.617629 1.43781 0.685498 0.0272515 0.974698 0.704223
1.57277 0.633911 1.17299 0.917208 0.00967808 0.733095 0.980772
2.18897 0.603176 0.826187 1.18316 -0.116405 0.44884 1.36345
1.66069 0.62679 1.12082 0.95934 -0.005573 0.687888 1.0352
1.04999 0.628328 1.40491 0.7163 0.0361178 0.943627 0.73966
1.30885 0.624418 1.30753 0.803607 0.0395429 0.853398 0.841798
0.472873 0.584702 1.46739 0.657066 0.00606393 1.00289 0.671754
1.40243 0.63487 1.26361 0.841565 0.0316656 0.813561 0.887159
0.828915 0.636245 1.44644 0.677261 0.0209749 0.982911 0.694704
0.302704 0.376034 1.47229 0.653238 0.00283294 1.00748 0.667406
0.273891 0.33403 1.47269 0.65299 0.00227558 1.00786 0.667116
0.315785 0.435515 1.47143 0.653787 0.00318409 1.00669 0.668037
0.756649 0.648811 1.45288 0.671072 0.0160821 0.989048 0.687607
0.219637 0.294629 1.47263 0.653075 0.00153086 1.0078 0.667204
0.347153 0.508114 1.47014 0.654637 0.00367203 1.00549 0.669011
2.24477 0.641402 0.811104 1.19502 -0.112719 0.437457 1.38173
0.159872 0.229225 1.47284 0.653007 0.000758449 1.00801 0.667112
2.46797 0.636337 0.72285 1.26232 -0.132681 0.372251 1.49507
0.68119 0.657936 1.45777 0.66634 0.0120771 0.99371 0.682214
1.88778 0.649481 0.992924 1.05898 -0.0433232 0.580582 1.17169
0.0913883 0.155052 1.47287 0.652933 0.000351511 1.00811 0.66701
2.04772 0.647101 0.907454 1.12362 -0.0741696 0.51188 1.26753
0.0566351 0.0652643 1.472 0.653157 0.000129952 1.00722 0.667337
0.6007 0.664238 1.46152 0.662677 0.00879343 0.997289 0.678062
2.92827 0.0961002 0.850895 1.08448 0.0108777 0.493011 1.20447
0.38277 0.58389 1.4685 0.655978 0.00408042 1.00395 0.670525
2.61093 0.595385 0.875896 1.13703 0.0167574 0.490501 1.28684
2.88515 0.189356 0.882971 1.10437 0.0201428 0.503848 1.23598
2.66099 0.535022 0.924199 1.10034 0.050065 0.528342 1.23138
2.84283 0.261583 0.895619 1.10863 0.0273149 0.51004 1.24211
1.14061 0.665181 1.37529 0.743584 0.0358064 0.915909 0.771039
2.70935 0.47449 0.918487 1.10399 0.046475 0.524261 1.23623
2.8032 0.335639 0.903444 1.11074 0.0350023 0.514092 1.24522
0.514465 0.667718 1.46434 0.659906 0.00619547 0.999991 0.674934
2.7575 0.408246 0.911128 1.10803 0.0414892 0.519061 1.24172
2.3215 0.676054 0.783092 1.21715 -0.11203 0.416454 1.41705
2.5556 0.661503 0.744381 1.24497 -0.0804553 0.389209 1.46112
1.80642 0.6835 1.04536 1.01863 -0.0248856 0.62393 1.1149
0.422394 0.667791 1.4664 0.657903 0.00420652 1.00195 0.672681
2.15064 0.68213 0.864598 1.15602 -0.0837828 0.478387 1.31741
0.968523 0.674668 1.42189 0.700649 0.0268458 0.959631 0.721359
0.21653 0.399551 1.47166 0.653767 0.0018832 1.00688 0.667996
1.24177 0.695728 1.33866 0.77652 0.0328636 0.881971 0.809347
1.71577 0.703061 1.10251 0.973811 -0.0106373 0.672213 1.05433
2.40413 0.70574 0.747849 1.245 -0.11155 0.390507 1.46255
1.96518 0.699923 0.962526 1.08236 -0.0472046 0.555864 1.20518
0.254409 0.500448 1.47046 0.654358 0.00228726 1.00579 0.668692
0.126902 0.318902 1.47231 0.653532 0.000803205 1.00746 0.667711
1.53511 0.716558 1.20693 0.889189 0.0118737 0.762963 0.945402
1.44818 0.719861 1.25003 0.853097 0.0200524 0.801364 0.900852
0.075869 0.247859 1.47271 0.65334 0.000380342 1.00779 0.667498
0.289432 0.579271 1.46925 0.655265 0.00259051 1.00467 0.669721
0.886418 0.703535 1.43473 0.688424 0.0200536 0.971805 0.707262
1.62249 0.713483 1.15917 0.928353 0.00156635 0.721046 0.994988
1.34878 0.715999 1.29543 0.814359 0.027334 0.842385 0.854095
2.7015 0.619799 0.891586 1.1255 0.058684 0.501993 1.26963
2.92627 0.261777 0.866659 1.13231 0.0348612 0.486886 1.27754
0.810181 0.722464 1.44386 0.679734 0.0152126 0.98047 0.697322
2.75497 0.55921 0.896037 1.12252 0.0627603 0.505786 1.26479
2.49283 0.734501 0.714297 1.27208 -0.105216 0.366125 1.5072
2.64916 0.686485 0.795246 1.20415 -0.00758498 0.427888 1.39256
2.9049 0.337183 0.871581 1.13595 0.0433587 0.488846 1.28302
1.05351 0.725599 1.39914 0.72197 0.0257903 0.938218 0.745658
0.325139 0.664026 1.46782 0.656509 0.00274038 1.00331 0.671118
2.80801 0.492447 0.88826 1.12757 0.0572382 0.500142 1.27172
2.86155 0.417665 0.879714 1.13307 0.0510566 0.494106 1.27921
0.733044 0.738293 1.45076 0.673075 0.0113723 0.987041 0.689756
0.650221 0.75024 1.45615 0.66781 0.00814618 0.99218 0.683804
0.561741 0.759542 1.46052 0.663539 0.00562888 0.996344 0.678997
2.24303 0.738468 0.833193 1.18081 -0.0781225 0.454201 1.35504
0.465642 0.763161 1.46378 0.660326 0.00381616 0.999459 0.675394
2.05731 0.749423 0.926461 1.11013 -0.0506432 0.526938 1.24573
1.87816 0.749271 1.0175 1.04024 -0.0268244 0.600798 1.14478
0.156745 0.502155 1.47065 0.654128 0.00119435 1.00598 0.668435
0.093667 0.417002 1.47118 0.65403 0.000627372 1.00645 0.668298
2.58893 0.762552 0.698481 1.2858 -0.0809049 0.354931 1.5278
0.366284 0.758709 1.46608 0.658111 0.00248695 1.00165 0.672912
1.15727 0.768419 1.36777 0.75046 0.0242664 0.908953 0.778514
0.205652 0.56903 1.46978 0.654774 0.00158084 1.00517 0.669168
2.3322 0.778041 0.796608 1.20936 -0.0728589 0.42653 1.39983
0.223159 0.651556 1.46867 0.655693 0.00157952 1.00412 0.670203
2.74926 0.709073 0.836359 1.16964 0.0609652 0.458895 1.33795
1.77965 0.783616 1.07667 0.994012 -0.0121508 0.650291 1.08132
2.78862 0.640515 0.875259 1.13879 0.0788312 0.488993 1.29092
2.87357 0.592591 0.854277 1.15549 0.0820716 0.472935 1.31629
2.90684 0.497918 0.854986 1.15444 0.0693907 0.474058 1.31301
0.955424 0.770734 1.42007 0.702405 0.0178499 0.957935 0.723047
1.67741 0.796564 1.13762 0.945453 -0.00314108 0.70241 1.01713
1.27494 0.799028 1.32842 0.785467 0.0207382 0.872604 0.819467
1.50045 0.791682 1.23262 0.867752 0.0109169 0.785795 0.918688
2.42371 0.809374 0.754771 1.24224 -0.0675975 0.395513 1.45308
1.58226 0.800295 1.19174 0.901507 0.00385357 0.749592 0.960837
2.69068 0.784726 0.721338 1.26602 -0.0198809 0.372515 1.49262
0.26376 0.752919 1.4674 0.65677 0.00156087 1.00292 0.671416
2.15503 0.798811 0.886197 1.14124 -0.0498272 0.49517 1.29196
1.40633 0.822149 1.27663 0.830633 0.0142579 0.825362 0.873362
1.96907 0.807202 0.979338 1.06987 -0.0284863 0.5695 1.18645
0.870586 0.781799 1.43365 0.689464 0.0140221 0.970791 0.708276
0.801718 0.814155 1.44148 0.682099 0.00997601 0.978213 0.69988
0.0707561 0.509304 1.47053 0.654415 0.000475668 1.00583 0.668752
0.112834 0.607587 1.46964 0.654973 0.000781581 1.00502 0.669386
2.52088 0.846955 0.714875 1.27378 -0.0619795 0.366683 1.50552
0.711545 0.833353 1.44949 0.674256 0.00679779 0.985837 0.691021
1.05114 0.839506 1.39561 0.724921 0.0144792 0.934984 0.748741
0.62064 0.855484 1.45545 0.668483 0.00425993 0.991512 0.684521
0.517362 0.872665 1.46057 0.663513 0.00250867 0.99639 0.678948
0.402811 0.871487 1.46422 0.659899 0.00166618 0.999875 0.674909
0.309304 0.847938 1.46628 0.657873 0.00122855 1.00185 0.672646
2.87207 0.720827 0.829567 1.17329 0.104965 0.453412 1.347
0.148033 0.739787 1.46868 0.65566 0.000871371 1.00413 0.670168
2.79949 0.80556 0.765883 1.22773 0.0607878 0.405487 1.43104
2.24928 0.852044 0.845344 1.17269 -0.0419474 0.463565 1.3397
2.62956 0.877054 0.674676 1.30617 -0.0505966 0.338371 1.56063
1.87024 0.876917 1.03672 1.02529 -0.0111825 0.616852 1.12384
2.07038 0.861832 0.935786 1.10326 -0.0276828 0.534433 1.23454
1.17513 0.885603 1.36042 0.756994 0.0118828 0.90218 0.785813
2.35002 0.891001 0.797654 1.20967 -0.0322037 0.427426 1.39767
0.209139 0.865409 1.46748 0.656758 0.000671897 1.00299 0.671398
1.73483 0.890371 1.1104 0.967071 -0.00355459 0.679079 1.04542
2.7337 0.876251 0.67135 1.30957 -0.0132431 0.336269 1.56523
0.915024 0.877518 1.42387 0.698591 0.00822367 0.961576 0.718546
1.63437 0.878096 1.16727 0.921283 -0.000744508 0.728211 0.985974
1.30698 0.905722 1.31823 0.795652 0.00893567 0.863151 0.831188
1.52855 0.890536 1.22527 0.874165 0.00384074 0.779293 0.926613
2.90435 0.825186 0.790818 1.20691 0.115799 0.423422 1.40092
2.4479 0.908859 0.756266 1.24204 -0.0286419 0.396693 1.45015
0.0842224 0.859632 1.46722 0.656322 0.000346537 1.0028 0.670955
2.16432 0.903398 0.891824 1.13686 -0.0229294 0.499719 1.28416
1.99 0.90919 0.98 1.06916 -0.0132906 0.570152 1.185
0.791886 0.910729 1.4404 0.68314 0.00436741 0.97719 0.700995
0.692226 0.921431 1.4495 0.674412 0.00291132 0.985829 0.691156
2.85459 0.914906 0.710234 1.27497 0.0479734 0.364452 1.50971
1.42047 0.924755 1.27587 0.832904 0.00510003 0.824488 0.875783
23 2 118 
63 3 119 
52 53 120 
42 43 121 
32 33 122 
62 63 123 
2 24 124 
61 62 125 
33 34 126 
53 54 127 
43 44 128 
51 52 129 
31 32 130 
41 42 131 
24 25 132 
60 61 133 
54 55 134 
30 31 135 
34 35 136 
25 26 137 
44 45 138 
59 60 139 
50 51 140 
55 56 141 
40 41 142 
29 30 143 
26 27 144 
58 59 145 
56 57 146 
28 29 147 
27 28 148 
57 58 149 
35 36 150 
45 46 151 
49 50 152 
39 40 153 
36 37 154 
46 47 155 
48 49 156 
38 39 157 
37 38 158 
47 48 159 
119 3 64 
2 124 118 
63 119 123 
122 33 126 
124 24 132 
53 127 120 
127 54 134 
62 123 125 
32 122 130 
132 25 137 
61 125 133 
119 64 160 
134 55 141 
31 130 135 
137 26 144 
43 128 121 
60 133 139 
141 56 146 
126 34 136 
30 135 143 
144 27 148 
59 139 145 
128 44 138 
52 120 129 
146 57 149 
29 143 147 
148 28 147 
58 145 149 
42 121 131 
22 23 161 
136 35 150 
138 45 151 
51 129 140 
41 131 142 
23 118 161 
150 36 154 
151 46 155 
50 140 152 
40 142 153 
123 119 162 
154 37 158 
155 47 159 
49 152 156 
39 153 157 
124 132 163 
118 124 163 
158 38 157 
48 156 159 
127 134 164 
125 123 165 
130 122 166 
132 137 167 
133 125 168 
134 141 169 
135 130 170 
160 64 65 
122 126 171 
137 144 172 
139 133 173 
141 146 174 
143 135 175 
144 148 176 
145 139 177 
146 149 178 
120 127 179 
147 143 180 
148 147 181 
149 145 182 
119 160 162 
121 128 183 
161 118 184 
126 136 185 
129 120 186 
128 138 187 
131 121 188 
123 162 165 
136 150 189 
140 129 190 
138 151 191 
163 132 167 
118 163 184 
142 131 192 
125 165 168 
164 134 169 
160 65 193 
130 166 170 
21 22 194 
166 122 171 
150 154 195 
167 137 172 
152 140 196 
151 155 197 
133 168 173 
153 142 198 
169 141 174 
154 158 199 
135 170 175 
156 152 200 
155 159 201 
157 153 202 
172 144 176 
127 164 179 
139 173 177 
158 157 203 
159 156 204 
174 146 178 
143 175 180 
176 148 181 
145 177 182 
178 149 182 
147 180 181 
162 160 205 
22 161 194 
161 184 206 
171 126 185 
120 179 186 
160 193 205 
165 162 207 
183 128 187 
121 183 188 
163 167 208 
168 165 209 
193 65 66 
170 166 210 
164 169 211 
184 163 212 
167 172 213 
185 136 189 
173 168 214 
129 186 190 
187 138 191 
169 174 215 
175 170 216 
131 188 192 
172 176 217 
177 173 218 
174 178 219 
194 161 206 
180 175 220 
176 181 221 
182 177 222 
178 182 223 
181 180 224 
189 150 195 
140 190 196 
191 151 197 
142 192 198 
166 171 225 
195 154 199 
152 196 200 
197 155 201 
205 193 226 
162 205 207 
153 198 202 
199 158 203 
156 200 204 
201 159 204 
157 202 203 
179 164 227 
206 184 228 
193 66 229 
20 21 230 
165 207 209 
163 208 212 
208 167 213 
21 194 230 
168 209 214 
171 185 231 
170 210 216 
213 172 217 
169 215 211 
173 214 218 
184 212 228 
194 206 232 
186 179 233 
215 174 219 
175 216 220 
217 176 221 
177 218 222 
183 187 234 
219 178 223 
180 220 224 
221 181 224 
182 222 223 
188 183 235 
210 166 225 
185 189 236 
226 193 229 
164 211 227 
190 186 237 
187 191 238 
207 205 239 
192 188 240 
189 195 241 
196 190 242 
191 197 243 
198 192 244 
229 66 67 
205 226 239 
206 228 245 
195 199 246 
200 196 247 
197 201 248 
202 198 249 
209 207 250 
199 203 251 
225 171 231 
204 200 252 
201 204 253 
203 202 254 
230 194 232 
212 208 255 
208 213 255 
214 209 256 
179 227 233 
232 206 245 
213 217 257 
218 214 258 
216 210 259 
215 219 260 
220 216 261 
217 221 262 
222 218 263 
219 223 264 
224 220 265 
228 212 255 
221 224 266 
223 222 267 
211 215 268 
226 229 269 
231 185 236 
183 234 235 
186 233 237 
229 67 270 
207 239 250 
234 187 238 
19 20 271 
210 225 272 
188 235 240 
20 230 271 
230 232 273 
239 226 274 
245 228 275 
227 211 276 
236 189 241 
209 250 256 
190 237 242 
238 191 243 
192 240 244 
232 245 277 
255 213 257 
214 256 258 
241 195 246 
196 242 247 
257 217 262 
243 197 248 
218 258 263 
198 244 249 
261 216 259 
226 269 274 
260 219 264 
215 260 268 
220 261 265 
228 255 275 
262 221 266 
222 263 267 
246 199 251 
200 247 252 
264 223 267 
248 201 253 
224 265 266 
202 249 254 
251 203 254 
225 231 278 
204 252 253 
269 229 270 
233 227 279 
270 67 68 
259 210 272 
250 239 280 
230 273 271 
211 268 276 
273 232 277 
231 236 281 
235 234 282 
256 250 283 
277 245 284 
274 269 285 
237 233 286 
255 257 287 
245 275 284 
258 256 288 
234 238 289 
239 274 280 
240 235 290 
257 262 291 
263 258 292 
260 264 293 
272 225 278 
265 261 294 
262 266 295 
267 263 296 
264 267 297 
266 265 298 
236 241 299 
269 270 300 
242 237 301 
238 243 302 
275 255 303 
244 240 304 
227 276 279 
270 68 305 
261 259 306 
241 246 307 
247 242 308 
243 248 309 
249 244 310 
246 251 311 
252 247 312 
18 19 313 
248 253 314 
254 249 315 
268 260 316 
19 271 313 
251 254 317 
253 252 318 
271 273 319 
273 277 320 
250 280 283 
278 231 281 
277 284 321 
285 269 300 
233 279 286 
256 283 288 
255 287 303 
259 272 322 
287 257 291 
258 288 292 
284 275 323 
291 262 295 
280 274 324 
263 292 296 
276 268 325 
293 264 297 
265 294 298 
295 266 298 
267 296 297 
274 285 324 
300 270 305 
305 68 69 
282 234 289 
294 261 306 
281 236 299 
235 282 290 
237 286 301 
260 293 316 
275 303 323 
289 238 302 
319 273 320 
271 319 313 
240 290 304 
272 278 326 
320 277 321 
299 241 307 
242 301 308 
279 276 327 
283 280 328 
302 243 309 
244 304 310 
285 300 329 
307 246 311 
306 259 322 
321 284 330 
247 308 312 
309 248 314 
249 310 315 
288 283 331 
311 251 317 
252 312 318 
314 253 318 
254 315 317 
287 291 332 
268 316 325 
292 288 333 
305 69 334 
300 305 335 
303 287 336 
291 295 337 
278 281 338 
296 292 339 
298 294 340 
295 298 341 
297 296 342 
293 297 343 
284 323 330 
286 279 344 
280 324 328 
324 285 345 
17 18 346 
319 320 347 
313 319 348 
322 272 326 
18 313 346 
320 321 349 
323 303 350 
285 329 345 
276 325 327 
282 289 351 
281 299 352 
290 282 351 
294 306 353 
301 286 354 
283 328 331 
329 300 335 
316 293 355 
289 302 356 
304 290 357 
334 69 70 
288 331 333 
287 332 336 
305 334 335 
321 330 358 
326 278 338 
299 307 359 
332 291 337 
308 301 360 
302 309 361 
292 333 339 
310 304 362 
337 295 341 
303 336 350 
296 339 342 
279 327 344 
341 298 340 
297 342 343 
307 311 363 
312 308 364 
309 314 365 
315 310 366 
306 322 367 
311 317 368 
318 312 369 
314 318 370 
317 315 371 
319 347 348 
328 324 372 
347 320 349 
330 323 373 
313 348 346 
325 316 374 
345 329 375 
349 321 358 
340 294 353 
338 281 352 
324 345 372 
293 343 355 
286 344 354 
329 335 376 
323 350 373 
331 328 377 
334 70 378 
322 326 367 
335 334 379 
333 331 380 
327 325 374 
336 332 381 
290 351 357 
332 337 382 
339 333 383 
351 289 356 
352 299 359 
358 330 384 
337 341 385 
342 339 386 
353 306 367 
301 354 360 
348 347 387 
350 336 381 
347 349 387 
16 17 388 
346 348 389 
341 340 390 
17 346 388 
316 355 374 
356 302 361 
375 329 376 
304 357 362 
349 358 391 
326 338 392 
343 342 393 
359 307 363 
328 372 377 
330 373 384 
308 360 364 
361 309 365 
310 362 366 
344 327 394 
363 311 368 
312 364 369 
365 314 370 
315 366 371 
378 70 71 
345 375 395 
368 317 371 
318 369 370 
376 335 379 
372 345 395 
334 378 379 
373 350 396 
331 377 380 
340 353 397 
338 352 392 
367 326 392 
333 380 383 
381 332 382 
382 337 385 
354 344 394 
355 343 398 
339 383 386 
348 387 389 
327 374 394 
385 341 390 
387 349 391 
346 389 388 
350 381 396 
358 384 399 
342 386 393 
375 376 400 
391 358 399 
357 351 401 
351 356 402 
352 359 403 
377 372 404 
378 71 405 
353 367 397 
360 354 406 
376 379 407 
384 373 408 
379 378 409 
356 361 402 
374 355 398 
362 357 410 
390 340 397 
359 363 411 
380 377 412 
395 375 413 
364 360 414 
361 365 415 
366 362 416 
372 395 404 
343 393 398 
373 396 408 
363 368 417 
369 364 418 
365 370 419 
371 366 420 
383 380 421 
368 371 422 
370 369 423 
381 382 424 
389 387 425 
382 385 424 
386 383 426 
375 400 413 
387 391 427 
392 352 403 
15 16 428 
388 389 429 
16 388 428 
354 394 406 
391 399 430 
400 376 407 
396 381 424 
399 384 431 
367 392 432 
405 71 72 
378 405 409 
385 390 433 
407 379 409 
394 374 434 
377 404 412 
397 367 432 
393 386 435 
401 351 402 
384 408 431 
374 398 434 
357 401 410 
380 412 421 
403 359 411 
425 387 427 
413 400 436 
389 425 429 
404 395 437 
402 361 415 
360 406 414 
395 413 437 
383 421 426 
427 391 430 
388 429 428 
424 385 433 
408 396 438 
390 397 433 
362 410 416 
400 407 439 
430 399 440 
405 72 441 
411 363 417 
364 414 418 
415 365 419 
398 393 435 
366 416 420 
396 424 438 
409 405 442 
417 368 422 
407 409 443 
369 418 423 
419 370 423 
371 420 422 
386 426 435 
399 431 440 
392 403 444 
406 394 445 
412 404 446 
431 408 447 
425 427 448 
429 425 449 
421 412 450 
436 400 439 
432 392 444 
427 430 451 
428 429 452 
14 15 453 
413 436 454 
15 428 453 
401 402 455 
394 434 445 
441 72 73 
426 421 450 
404 437 446 
405 441 442 
408 438 447 
397 432 456 
439 407 443 
430 440 457 
437 413 454 
433 397 458 
403 411 459 
410 401 460 
409 442 443 
424 433 461 
414 406 462 
434 398 463 
398 435 464 
438 424 465 
416 410 466 
440 431 467 
411 417 459 
418 414 462 
415 419 468 
420 416 466 
417 422 469 
423 418 470 
419 423 468 
422 420 469 
412 446 450 
425 448 449 
448 427 451 
429 449 452 
435 426 471 
436 439 472 
428 452 453 
451 430 457 
441 73 473 
431 447 467 
444 403 459 
439 443 474 
442 441 475 
458 397 456 
443 442 476 
454 436 477 
406 445 462 
465 424 461 
426 450 471 
446 437 478 
398 464 463 
447 438 479 
457 440 480 
437 454 481 
401 455 460 
455 402 482 
432 444 483 
482 402 415 
438 465 479 
445 434 484 
449 448 485 
477 436 472 
448 451 485 
452 449 486 
450 446 487 
410 460 466 
440 467 480 
482 415 468 
456 432 483 
472 439 474 
459 417 469 
453 452 488 
13 14 489 
451 457 490 
473 73 74 
433 458 491 
14 453 489 
441 473 475 
418 462 470 
461 433 491 
434 463 484 
420 466 492 
464 435 471 
442 475 476 
474 443 476 
478 437 481 
468 423 470 
467 447 493 
469 420 492 
454 477 494 
446 478 487 
447 479 493 
457 480 495 
444 459 496 
481 454 494 
477 472 497 
462 445 498 
449 485 486 
471 450 499 
485 451 490 
465 461 500 
452 486 488 
458 456 501 
473 74 502 
479 465 500 
472 474 503 
453 488 489 
455 482 504 
490 457 495 
475 473 505 
460 455 506 
480 467 507 
463 464 508 
450 487 499 
474 476 509 
476 475 510 
483 444 496 
464 471 511 
466 460 512 
482 468 513 
459 469 514 
445 484 498 
478 481 515 
467 493 507 
470 462 516 
456 483 501 
468 470 517 
491 458 501 
487 478 515 
477 497 518 
494 477 518 
486 485 519 
461 491 500 
484 463 508 
497 472 503 
493 479 520 
485 490 521 
495 480 522 
488 486 523 
502 74 75 
473 502 505 
481 494 515 
492 466 524 
489 488 525 
12 13 526 
503 474 509 
490 495 527 
13 489 526 
475 505 510 
469 492 528 
509 476 510 
496 459 514 
480 507 522 
479 500 520 
462 498 516 
455 504 506 
508 464 511 
471 499 529 
504 482 513 
460 506 512 
507 493 530 
519 485 521 
486 519 523 
502 75 531 
499 487 532 
487 515 532 
497 503 533 
483 496 534 
521 490 527 
488 523 525 
518 497 535 
511 471 529 
466 512 524 
505 502 536 
513 468 517 
494 518 537 
503 509 538 
498 484 539 
515 494 537 
489 525 526 
493 520 530 
510 505 540 
501 483 534 
514 469 528 
495 522 541 
527 495 541 
500 491 542 
509 510 543 
491 501 542 
470 516 517 
484 508 539 
522 507 544 
535 497 533 
492 524 528 
531 75 76 
519 521 545 
523 519 546 
502 531 536 
496 514 547 
533 503 538 
520 500 548 
525 523 549 
521 527 550 
506 504 551 
507 530 544 
505 536 540 
516 498 552 
526 525 553 
11 12 554 
538 509 543 
510 540 543 
12 526 554 
508 511 555 
527 541 556 
504 513 551 
518 535 557 
512 506 558 
537 518 557 
529 499 559 
515 537 560 
530 520 561 
541 522 562 
532 515 560 
513 517 563 
499 532 559 
534 496 547 
524 512 558 
517 516 564 
511 529 555 
514 528 565 
535 533 566 
531 76 567 
498 539 552 
501 534 568 
519 545 546 
522 544 562 
545 521 550 
523 546 549 
500 542 548 
536 531 569 
542 501 570 
533 538 571 
539 508 555 
528 524 572 
525 549 553 
550 527 556 
540 536 573 
538 543 574 
543 540 575 
526 553 554 
544 530 576 
556 541 577 
557 535 578 
506 551 558 
520 548 561 
537 557 579 
547 514 565 
541 562 577 
560 537 579 
516 552 564 
535 566 578 
551 513 563 
567 76 77 
501 568 570 
566 533 571 
531 567 569 
546 545 580 
545 550 580 
549 546 580 
536 569 573 
530 561 576 
532 560 581 
571 538 574 
553 549 582 
529 559 583 
550 556 584 
562 544 585 
540 573 575 
555 529 583 
524 558 572 
574 543 575 
563 517 564 
554 553 586 
10 11 587 
11 554 587 
534 547 588 
559 532 581 
565 528 572 
556 577 589 
552 539 590 
548 542 591 
544 576 585 
539 555 592 
568 534 588 
567 77 593 
578 566 594 
557 578 595 
542 570 591 
569 567 596 
579 557 595 
566 571 597 
577 562 598 
560 579 599 
580 550 584 
549 580 582 
573 569 600 
571 574 601 
561 548 602 
553 582 586 
558 551 603 
575 573 604 
574 575 605 
584 556 589 
547 565 606 
554 586 587 
564 552 607 
551 563 608 
562 585 598 
576 561 609 
570 568 610 
590 539 592 
589 577 611 
563 564 612 
572 558 613 
593 77 78 
594 566 597 
583 559 614 
581 560 599 
567 593 596 
555 583 615 
565 572 616 
569 596 600 
597 571 601 
585 576 617 
582 580 618 
588 547 606 
580 584 619 
559 581 614 
578 594 620 
573 600 604 
595 578 620 
552 590 607 
601 574 605 
586 582 621 
579 595 622 
577 598 611 
575 604 605 
548 591 602 
584 589 623 
592 555 615 
587 586 624 
9 10 625 
568 588 610 
10 587 625 
591 570 610 
599 579 622 
603 551 608 
598 585 626 
593 78 627 
561 602 609 
558 603 613 
594 597 628 
596 593 629 
606 565 616 
589 611 630 
600 596 631 
618 580 619 
564 607 612 
597 601 632 
608 563 612 
582 618 621 
619 584 623 
604 600 633 
601 605 634 
605 604 635 
576 609 617 
586 621 624 
623 589 630 
620 594 636 
590 592 637 
587 624 625 
581 599 638 
611 598 639 
595 620 640 
572 613 616 
622 595 640 
583 614 641 
615 583 641 
585 617 626 
588 606 642 
627 78 79 
614 581 638 
593 627 629 
602 591 643 
607 590 637 
594 628 636 
610 588 642 
628 597 632 
596 629 631 
598 626 639 
592 615 637 
591 610 644 
618 619 645 
600 631 633 
632 601 634 
621 618 646 
619 623 647 
604 633 635 
630 611 648 
634 605 635 
603 608 649 
599 622 650 
624 621 651 
609 602 652 
623 630 653 
625 624 654 
8 9 655 
613 603 656 
606 616 657 
9 625 655 
612 607 658 
608 612 659 
627 79 660 
620 636 661 
611 639 648 
640 620 661 
617 609 662 
636 628 663 
629 627 664 
616 613 665 
631 629 666 
628 632 667 
618 645 646 
633 631 666 
645 619 647 
643 591 644 
632 634 668 
638 599 650 
626 617 669 
622 640 670 
635 633 671 
621 646 651 
634 635 672 
647 623 653 
641 614 673 
642 606 657 
615 641 674 
607 637 658 
624 651 654 
614 638 673 
639 626 675 
602 643 652 
630 648 676 
637 615 674 
653 630 676 
625 654 655 
610 642 677 
660 79 80 
627 660 664 
603 649 656 
644 610 677 
663 628 667 
629 664 666 
636 663 678 
649 608 659 
609 652 662 
650 622 670 
648 639 679 
661 636 678 
667 632 668 
640 661 680 
633 666 671 
646 645 681 
645 647 682 
657 616 665 
612 658 659 
613 656 665 
668 634 672 
651 646 683 
635 671 672 
647 653 684 
617 662 669 
654 651 685 
655 654 686 
7 8 687 
653 676 688 
8 655 687 
660 80 689 
676 648 690 
638 650 691 
664 660 692 
626 669 675 
643 644 693 
670 640 680 
663 667 694 
666 664 695 
674 641 696 
642 657 697 
658 637 698 
641 673 696 
652 643 693 
639 675 679 
667 668 699 
637 674 700 
671 666 701 
681 645 682 
673 638 691 
646 681 683 
682 647 684 
668 672 702 
678 663 703 
672 671 704 
648 679 690 
661 678 705 
651 683 685 
656 649 706 
684 653 688 
677 642 697 
654 685 686 
662 652 707 
649 659 708 
650 670 709 
689 80 81 
655 686 687 
659 658 710 
644 677 711 
657 665 712 
660 689 692 
688 676 713 
680 661 705 
665 656 714 
664 692 695 
663 694 703 
669 662 715 
694 667 699 
666 695 701 
676 690 713 
699 668 702 
681 682 716 
637 700 698 
671 701 704 
683 681 717 
682 684 718 
702 672 704 
675 669 719 
689 81 82 
685 683 720 
691 650 709 
693 644 711 
684 688 721 
670 680 722 
686 685 723 
678 703 724 
679 675 725 
652 693 707 
705 678 724 
697 657 712 
674 696 726 
687 686 727 
729 1 7 
696 673 728 
658 698 710 
7 687 729 
690 679 730 
692 689 731 
688 713 732 
703 694 733 
673 691 728 
700 674 726 
695 692 734 
706 649 708 
694 699 735 
656 706 714 
701 695 736 
689 82 731 
677 697 737 
662 707 715 
699 702 738 
708 659 710 
681 716 717 
716 682 718 
704 701 739 
713 690 740 
709 670 722 
702 704 741 
683 717 720 
718 684 721 
712 665 714 
680 705 742 
685 720 723 
711 677 737 
669 715 719 
721 688 732 
686 723 727 
1 729 117 
687 727 729 
692 731 734 
724 703 743 
703 733 743 
698 700 744 
733 694 735 
675 719 725 
695 734 736 
732 713 745 
691 709 746 
735 699 738 
4 731 82 
701 736 739 
679 725 730 
707 693 747 
693 711 747 
722 680 742 
717 716 748 
697 712 749 
716 718 748 
738 702 741 
710 698 750 
704 739 741 
690 730 740 
705 724 751 
720 717 748 
696 728 752 
726 696 752 
718 721 753 
728 691 746 
723 720 754 
706 708 755 
713 740 745 
700 726 744 
714 706 756 
727 723 757 
721 732 758 
715 707 759 
708 710 760 
729 727 116 
712 714 761 
731 4 83 
116 117 729 
734 731 84 
737 697 749 
709 722 746 
733 735 762 
736 734 763 
742 705 751 
719 715 764 
735 738 765 
724 743 766 
743 733 767 
739 736 768 
711 737 769 
732 745 770 
738 741 771 
741 739 772 
748 718 753 
720 748 754 
725 719 773 
698 744 750 
731 83 84 
753 721 758 
116 727 115 
723 754 757 
730 725 774 
727 757 115 
758 732 770 
740 730 775 
722 742 776 
707 747 759 
767 733 762 
747 711 769 
745 740 777 
749 712 761 
710 750 760 
763 734 84 
751 724 766 
762 735 765 
706 755 756 
728 746 778 
736 763 768 
752 728 778 
744 726 779 
726 752 779 
746 722 776 
755 708 760 
765 738 771 
739 768 772 
715 759 764 
714 756 761 
771 741 772 
748 753 780 
754 748 781 
743 767 782 
770 745 783 
737 749 784 
753 758 785 
757 754 114 
719 764 773 
742 751 786 
758 770 787 
766 743 782 
767 762 788 
769 737 784 
725 773 774 
750 744 789 
762 765 790 
768 763 85 
115 757 114 
765 771 791 
730 774 775 
763 84 85 
772 768 86 
771 772 792 
748 780 781 
740 775 777 
759 747 793 
780 753 785 
745 777 783 
760 750 794 
749 761 795 
754 781 114 
776 742 786 
747 769 793 
756 755 796 
785 758 787 
751 766 797 
755 760 798 
782 767 799 
770 783 800 
746 776 801 
761 756 802 
778 746 801 
752 778 803 
764 759 804 
744 779 789 
779 752 803 
767 788 799 
787 770 800 
788 762 790 
768 85 86 
790 765 791 
773 764 805 
784 749 795 
791 771 792 
792 772 86 
781 780 806 
786 751 797 
780 785 807 
766 782 808 
774 773 809 
114 781 113 
769 784 810 
750 789 794 
785 787 807 
775 774 811 
777 775 812 
783 777 813 
800 783 814 
788 790 815 
787 800 816 
759 793 804 
799 788 817 
760 794 798 
776 786 818 
796 755 798 
795 761 802 
793 769 810 
790 791 815 
756 796 802 
782 799 819 
791 792 87 
797 766 808 
113 781 806 
789 779 820 
806 780 807 
764 804 805 
801 776 818 
803 778 821 
779 803 820 
778 801 821 
807 787 816 
792 86 87 
773 805 809 
784 795 822 
817 788 815 
786 797 823 
774 809 811 
816 800 824 
815 791 88 
808 782 819 
112 113 806 
794 789 825 
799 817 826 
775 811 812 
800 814 824 
791 87 88 
810 784 822 
777 812 813 
814 783 813 
806 807 112 
804 793 827 
798 794 828 
795 802 829 
796 798 830 
807 816 111 
818 786 823 
802 796 830 
793 810 827 
817 815 831 
797 808 832 
819 799 826 
805 804 827 
112 807 111 
789 820 825 
816 824 833 
801 818 834 
820 803 835 
803 821 835 
809 805 836 
821 801 834 
811 809 837 
822 795 829 
823 797 832 
826 817 838 
812 811 106 
808 819 93 
824 814 108 
813 812 107 
794 825 828 
814 813 108 
815 88 89 
817 831 838 
831 815 89 
111 816 833 
810 822 103 
798 828 830 
829 802 839 
802 830 839 
833 824 109 
805 827 836 
818 823 95 
827 810 103 
819 826 92 
832 808 93 
825 820 98 
838 831 90 
834 818 95 
809 836 837 
110 111 833 
820 835 97 
835 821 96 
821 834 96 
822 829 102 
811 837 106 
823 832 94 
831 89 90 
828 825 99 
826 838 92 
108 813 107 
830 828 99 
833 109 6 
110 833 6 
829 839 101 
839 830 100 
838 90 5 
107 812 106 
109 824 108 
836 827 104 
819 92 93 
820 97 98 
103 822 102 
823 94 95 
837 836 105 
825 98 99 
827 103 104 
829 101 102 
100 830 99 
92 838 91 
91 838 5 
835 96 97 
94 832 93 
834 95 96 
839 100 101 
105 836 104 
106 837 105 
